#Mon Oct 24 14:14:21 CEST 2011
Purpose.INDIVIDUAL_DECISION=0.1936781143867512
Purpose.CONTACT=0.1936781143867512
Retention.NO_RETENTION=0.1936781143867512
Retention.INDEFINITELY=0.1936781143867512
Recipient.PUBLIC=0.1936781143867512
Retention.STATED_PURPOSE=0.1936781143867512
Retention.LEGAL_REQUIREMENT=0.1936781143867512
Retention.BUSINESS_PRACTICES=0.1936781143867512
Purpose.PSEUDO_DECISION=0.1936781143867512
Recipient.OTHER_RECIPIENT=0.1936781143867512
Purpose.OTHER_PURPOSE=0.1936781143867512
Recipient.UNRELATED=0.1936781143867512
Recipient.OURS=0.1936781143867512
Purpose.ADMIN=0.1936781143867512
Purpose.PSEUDO_ANALYSIS=0.1936781143867512
Recipient.DELIVERY=0.1936781143867512
Recipient.SAME=0.1936781143867512
Purpose.TAILORING=0.1936781143867512
Purpose.DEVELOP=0.1936781143867512
Purpose.INDIVIDUAL_ANALYSIS=0.1936781143867512
Purpose.TELEMARKETING=0.1936781143867512
Purpose.HISTORICAL=0.1936781143867512
Purpose.CURRENT=0.1936781143867512
