#Tue Oct 25 15:44:37 CEST 2011
Purpose.INDIVIDUAL_DECISION=0.40742417383431423
Purpose.CONTACT=0.41868512110726647
Retention.NO_RETENTION=0.25
Retention.INDEFINITELY=0.4275147928994083
Recipient.PUBLIC=0.25
Retention.STATED_PURPOSE=0.432825484764543
Retention.LEGAL_REQUIREMENT=0.40742417383431423
Retention.BUSINESS_PRACTICES=0.4275147928994083
Purpose.PSEUDO_DECISION=0.4275147928994083
Recipient.OTHER_RECIPIENT=0.25
Purpose.OTHER_PURPOSE=0.48225308641975306
Recipient.UNRELATED=0.25
Recipient.OURS=0.25
Purpose.ADMIN=0.4275147928994083
Purpose.PSEUDO_ANALYSIS=0.4275147928994083
Recipient.DELIVERY=0.25
Recipient.SAME=0.25
Purpose.TAILORING=0.4275147928994083
Purpose.DEVELOP=0.4275147928994083
Purpose.INDIVIDUAL_ANALYSIS=0.3871604938271605
Purpose.TELEMARKETING=0.40742417383431423
Purpose.HISTORICAL=0.40742417383431423
Purpose.CURRENT=0.4275147928994083
