#Wed Nov 02 13:38:55 CET 2011
Purpose.INDIVIDUAL_DECISION=1.7346938775510201
Purpose.CONTACT=1.8000000000000005
Retention.NO_RETENTION=0.0
Retention.INDEFINITELY=1.8627450980392157
Recipient.PUBLIC=1.8627450980392157
Retention.STATED_PURPOSE=1.7346938775510201
Retention.LEGAL_REQUIREMENT=1.6666666666666663
Retention.BUSINESS_PRACTICES=1.7307692307692313
Purpose.PSEUDO_DECISION=1.8627450980392157
Recipient.OTHER_RECIPIENT=1.5957446808510634
Purpose.OTHER_PURPOSE=1.7346938775510201
Recipient.UNRELATED=1.8000000000000005
Recipient.OURS=1.7307692307692313
Purpose.ADMIN=1.7307692307692313
Purpose.PSEUDO_ANALYSIS=1.7307692307692313
Recipient.DELIVERY=1.8000000000000005
Recipient.SAME=1.6666666666666663
Purpose.TAILORING=1.8627450980392157
Purpose.DEVELOP=1.7307692307692313
Purpose.INDIVIDUAL_ANALYSIS=1.7346938775510201
Purpose.TELEMARKETING=1.8000000000000005
Purpose.HISTORICAL=1.8000000000000005
Purpose.CURRENT=1.7307692307692313
