Purpose.INDIVIDUAL_DECISION=1.5217391304347827
Purpose.CONTACT=1.6000000000000003
Retention.NO_RETENTION=0.0
Retention.INDEFINITELY=1.6666666666666663
Recipient.PUBLIC=1.6666666666666663
Retention.STATED_PURPOSE=1.7567567567567566
Retention.LEGAL_REQUIREMENT=1.5217391304347827
Retention.BUSINESS_PRACTICES=1.6666666666666663
Purpose.PSEUDO_DECISION=1.6666666666666663
Recipient.OTHER_RECIPIENT=1.5957446808510634
Purpose.OTHER_PURPOSE=2.1428571428571432
Recipient.UNRELATED=1.5217391304347827
Recipient.OURS=1.6666666666666663
Purpose.ADMIN=1.6666666666666663
Purpose.PSEUDO_ANALYSIS=1.6666666666666663
Recipient.DELIVERY=1.6000000000000003
Recipient.SAME=1.5217391304347827
Purpose.TAILORING=1.6666666666666663
Purpose.DEVELOP=1.6666666666666663
Purpose.INDIVIDUAL_ANALYSIS=1.3636363636363635
Purpose.TELEMARKETING=1.5217391304347827
Purpose.HISTORICAL=1.5217391304347827
Purpose.CURRENT=1.6666666666666663
