#Sat Nov 05 13:06:00 CET 2011
Purpose.INDIVIDUAL_DECISION=1.5306122448979587
Purpose.CONTACT=1.6000000000000003
Retention.NO_RETENTION=0.0
Retention.INDEFINITELY=1.6666666666666663
Recipient.PUBLIC=1.6666666666666663
Retention.STATED_PURPOSE=1.5306122448979587
Retention.LEGAL_REQUIREMENT=1.4583333333333337
Retention.BUSINESS_PRACTICES=1.5384615384615385
Purpose.PSEUDO_DECISION=1.6666666666666663
Recipient.OTHER_RECIPIENT=1.3829787234042556
Purpose.OTHER_PURPOSE=1.5306122448979587
Recipient.UNRELATED=1.6000000000000003
Recipient.OURS=1.5384615384615385
Purpose.ADMIN=1.5384615384615385
Purpose.PSEUDO_ANALYSIS=1.5384615384615385
Recipient.DELIVERY=1.6000000000000003
Recipient.SAME=1.4583333333333337
Purpose.TAILORING=1.6666666666666663
Purpose.DEVELOP=1.5384615384615385
Purpose.INDIVIDUAL_ANALYSIS=1.5306122448979587
Purpose.TELEMARKETING=1.6000000000000003
Purpose.HISTORICAL=1.6000000000000003
Purpose.CURRENT=1.5384615384615385
