#Mon Nov 14 16:54:30 CET 2011
Purpose.INDIVIDUAL_DECISION=1.5957446808510634
Purpose.CONTACT=1.6666666666666663
Retention.NO_RETENTION=0.0
Retention.INDEFINITELY=1.7307692307692313
Recipient.PUBLIC=1.7307692307692313
Retention.STATED_PURPOSE=1.842105263157895
Retention.LEGAL_REQUIREMENT=1.5957446808510634
Retention.BUSINESS_PRACTICES=1.7307692307692313
Purpose.PSEUDO_DECISION=1.7307692307692313
Recipient.OTHER_RECIPIENT=1.6666666666666663
Purpose.OTHER_PURPOSE=2.2222222222222223
Recipient.UNRELATED=1.5957446808510634
Recipient.OURS=1.7307692307692313
Purpose.ADMIN=1.7307692307692313
Purpose.PSEUDO_ANALYSIS=1.7307692307692313
Recipient.DELIVERY=1.6666666666666663
Recipient.SAME=1.5957446808510634
Purpose.TAILORING=1.7307692307692313
Purpose.DEVELOP=1.7307692307692313
Purpose.INDIVIDUAL_ANALYSIS=1.4444444444444449
Purpose.TELEMARKETING=1.5957446808510634
Purpose.HISTORICAL=1.5957446808510634
Purpose.CURRENT=1.7307692307692313
