#Sun Oct 23 11:26:12 CEST 2011
Purpose.INDIVIDUAL_DECISION=0.4275147928994083
Purpose.CONTACT=0.4275147928994083
Retention.NO_RETENTION=0.4275147928994083
Retention.INDEFINITELY=0.4275147928994083
Recipient.PUBLIC=0.4275147928994083
Retention.STATED_PURPOSE=0.4275147928994083
Retention.LEGAL_REQUIREMENT=0.4275147928994083
Retention.BUSINESS_PRACTICES=0.4275147928994083
Purpose.PSEUDO_DECISION=0.4275147928994083
Recipient.OTHER_RECIPIENT=0.4275147928994083
Purpose.OTHER_PURPOSE=0.4275147928994083
Recipient.UNRELATED=0.4275147928994083
Recipient.OURS=0.4275147928994083
Purpose.ADMIN=0.4275147928994083
Purpose.PSEUDO_ANALYSIS=0.4275147928994083
Recipient.DELIVERY=0.4275147928994083
Recipient.SAME=0.4275147928994083
Purpose.TAILORING=0.4275147928994083
Purpose.DEVELOP=0.4275147928994083
Purpose.INDIVIDUAL_ANALYSIS=0.4275147928994083
Purpose.TELEMARKETING=0.4275147928994083
Purpose.HISTORICAL=0.4275147928994083
Purpose.CURRENT=0.4275147928994083
